south east north

well id: 055
well coord: (63,61)

shop id: 001
shop coord: (59,60)
south west west


0 - A brightly lit room
003 - Base of Mt. Holloway
461 - Linh's Shrine
499 - Glasowyn's Grave
374 - Fully Shrine
486 - Arron's Athenaeum
22 - The Peak of Mt. Holloway
467 - Pirate Ry's
55 - Wishing Well
15 - JKMT Donuts
1 - Shop
495 - The Transmogriphier
492 - Sandofsky's Sanctum


10000010
00000001
01001101
01001000
00000001
10000010
00000001
01101001
01001000
00000001
10000010
00000001
01101110
01001000
00000001
10000010
00000001
01100101
01001000
00000001
10000010
00000001
00100000
01001000
00000001
10000010
00000001
01111001
01001000
00000001
10000010
00000001
01101111
01001000
00000001
10000010
00000001
01110101
01001000
00000001
10000010
00000001
01110010
01001000
00000001
10000010
00000001
00100000
01001000
00000001
10000010
00000001
01100011
01001000
00000001
10000010
00000001
01101111
01001000
00000001
10000010
00000001
01101001
01001000
00000001
10000010
00000001
01101110
01001000
00000001
10000010
00000001
00100000
01001000
00000001
10000010
00000001
01101001
01001000
00000001
10000010
00000001
01101110
01001000
00000001
10000010
00000001
00100000
01001000
00000001
10000010
00000001
01110010
01001000
00000001
10000010
00000001
01101111
01001000
00000001
10000010
00000001
01101111
01001000
00000001
10000010
00000001
01101101
01001000
00000001
10000010
00000001
00100000
01001000
00000001
10000010
00000001
00110100
01001000
00000001
10000010
00000001
00110011
01001000
00000001
10000010
00000001
00110000
01001000
00000001
00000001
